image: ISRMap2.pgm
resolution: 0.050000
origin: [-100.025000,-100.025000,0.000000]
negate: 0
occupied_thresh: 0.95
free_thresh: 0.35

