image: labmap.pgm
resolution: 0.050000
origin: [-22.481146, -9.787563, 0.000000]
negate: 0
occupied_thresh: 0.65
free_thresh: 0.196

